Movie Report
-------------
FrameFrame #    Frame Bytes    Total Bytes    Page
------------    -----------    -----------    ---------------
    1         20292          20292        Scene 1
    2         12434          32726          2
    3         11300          44026          3
    4         11014          55040          4
    5         12341          67381          5
    6         11949          79330          6
    7         10197          89527          7
    8         11503         101030          8
    9         11349         112379          9
   10         11657         124036          10
   11         11446         135482          11
   12         16506         151988          12
   13         14916         166904          13
   14         15653         182557          14
   15         16020         198577          15
   16         18039         216616          16
   17         18345         234961          17
   18         18825         253786          18
   19         17997         271783          19
   20         18603         290386          20
   21         15897         306283          21
   22         36850         343133          22
   23         12334         355467          23
   24         17686         373153          24
   25         37274         410427          25
   26         15924         426351          26
   27         16087         442438          27
   28         14205         456643          28
   29         31620         488263          29
   30         28121         516384          30
   31         24832         541216          31
   32         19452         560668          32
   33         18873         579541          33
   34         20294         599835          34
   35         23577         623412          35
   36         24313         647725          36
   37         25177         672902          37
   38         26839         699741          38
   39         26235         725976          39
   40          9786         735762          40
   41         14130         749892          41
   42         22635         772527          42
   43         27162         799689          43
   44         28098         827787          44
   45         39247         867034          45
   46         45571         912605          46
   47         43804         956409          47
   48         47620        1004029          48
   49         46077        1050106          49
   50         49841        1099947          50
   51         49103        1149050          51
   52         49563        1198613          52
   53         47459        1246072          53
   54         48747        1294819          54
   55         46680        1341499          55
   56         47636        1389135          56
   57         45754        1434889          57
   58         47224        1482113          58
   59         46995        1529108          59
   60         47577        1576685          60
   61         35117        1611802          61
   62         35142        1646944          62
   63         34662        1681606          63
   64         35773        1717379          64
   65         36156        1753535          65
   66         37395        1790930          66
   67         28884        1819814          67
   68         23437        1843251          68
   69         16761        1860012          69
   70          8714        1868726          70
   71         35413        1904139          71
   72         36947        1941086          72
   73         35834        1976920          73
   74         38215        2015135          74
   75         40760        2055895          75
   76         38788        2094683          76
   77         41027        2135710          77
   78         39896        2175606          78
   79         42086        2217692          79
   80         39430        2257122          80
   81         41592        2298714          81
   82         39171        2337885          82
   83         41009        2378894          83
   84         39193        2418087          84
   85         41422        2459509          85
   86         39305        2498814          86
   87         40475        2539289          87
   88         39655        2578944          88
   89         40971        2619915          89
   90         38981        2658896          90
   91         40837        2699733          91
   92         37488        2737221          92
   93         39078        2776299          93
   94         37747        2814046          94
   95         37898        2851944          95
   96         37402        2889346          96
   97         33443        2922789          97
   98         34384        2957173          98
   99         36541        2993714          99
  100         34348        3028062          100
  101         35098        3063160          101
  102         34513        3097673          102
  103         34964        3132637          103
  104         34702        3167339          104
  105         36315        3203654          105
  106         32449        3236103          106
  107         34665        3270768          107
  108         32943        3303711          108
  109         32643        3336354          109
  110         33294        3369648          110
  111         34239        3403887          111
  112         33470        3437357          112
  113         34541        3471898          113
  114         32980        3504878          114
  115         34237        3539115          115
  116         32434        3571549          116
  117         34229        3605778          117
  118         32899        3638677          118
  119         35811        3674488          119
  120         33719        3708207          120
  121         29923        3738130          121
  122         11835        3749965          122
  123         11390        3761355          123
  124          9555        3770910          124
  125          7133        3778043          125
  126          4484        3782527          126
  127          3144        3785671          127
  128          2648        3788319          128
  129          2797        3791116          129
  130          3317        3794433          130
  131          2922        3797355          131
  132          3386        3800741          132
  133          3608        3804349          133
  134          3921        3808270          134
  135          3995        3812265          135
  136          4113        3816378          136
  137          3962        3820340          137
  138          4482        3824822          138
  139          4466        3829288          139
  140          4699        3833987          140
  141          4699        3838686          141
  142          5197        3843883          142
  143          4895        3848778          143
  144          5126        3853904          144
  145          5670        3859574          145
  146          3497        3863071          146
  147          3547        3866618          147
  148          4112        3870730          148
  149          3720        3874450          149
  150          3859        3878309          150
  151          3885        3882194          151
  152          4159        3886353          152
  153          4164        3890517          153
  154          4630        3895147          154
  155          4686        3899833          155
  156          5094        3904927          156
  157          5207        3910134          157
  158          5518        3915652          158
  159          5351        3921003          159
  160          5403        3926406          160
  161          5468        3931874          161
  162          5739        3937613          162
  163          5931        3943544          163
  164          6394        3949938          164
  165          7574        3957512          165
  166         13912        3971424          166
  167         16508        3987932          167
  168         14196        4002128          168
  169         22459        4024587          169
  170         48537        4073124          170
  171         58488        4131612          171
  172         63801        4195413          172
  173         63443        4258856          173
  174         66793        4325649          174
  175         66937        4392586          175
  176         69390        4461976          176
  177         69561        4531537          177
  178         69890        4601427          178
  179         73217        4674644          179
  180         75440        4750084          180
  181         76985        4827069          181
  182         77363        4904432          182
  183         77836        4982268          183
  184         76729        5058997          184
  185         76978        5135975          185
  186         77077        5213052          186
  187         76288        5289340          187
  188         75474        5364814          188
  189         74466        5439280          189
  190         72945        5512225          190
  191         69517        5581742          191
  192         68092        5649834          192
  193         67493        5717327          193
  194         65370        5782697          194
  195         63259        5845956          195
  196         60414        5906370          196
  197         58220        5964590          197
  198         53754        6018344          198
  199         50946        6069290          199
  200         62068        6131358          200
  201         38527        6169885          201
  202         30551        6200436          202
  203         23902        6224338          203
  204         23594        6247932          204
  205         23311        6271243          205
  206         23079        6294322          206
  207         21870        6316192          207
  208         21305        6337497          208
  209         22412        6359909          209
  210         20639        6380548          210
  211         22562        6403110          211
  212         19383        6422493          212
  213         20638        6443131          213
  214         17713        6460844          214
  215         18951        6479795          215
  216         16802        6496597          216
  217         26179        6522776          217
  218         15811        6538587          218
  219         10832        6549419          219
  220          9475        6558894          220
  221          8724        6567618          221
  222          7199        6574817          222
  223          6568        6581385          223
  224          5738        6587123          224
  225          6237        6593360          225
  226          5632        6598992          226
  227          5465        6604457          227
  228          5137        6609594          228
  229          5532        6615126          229
  230          5268        6620394          230
  231          5669        6626063          231
  232          5122        6631185          232

Page                       Shape Bytes    Text Bytes
-----------------------    -----------    ----------
Scene 1                           0             0

Page                       Symbol Bytes    Text Bytes
-----------------------    ------------    ----------
Symbol 2                         45             0

Video                       Compressed
------------------------    ----------
GTFINAL.asf                     6626620